comparison,genes_padj_lt_0.05,upregulated,downregulated
SF vs NC,722,201,521
RF vs SF,0,0,0
LF vs SF,1,1,0
LF vs RF,38,10,28
RC vs SC,25,18,7
LC vs SC,0,0,0
LC vs RC,2,1,1
SC vs SF,3,1,2
RC vs RF,0,0,0
LC vs LF,0,0,0
RF vs NC,541,139,402
LF vs NC,1080,278,802
SC vs NC,1075,365,710
LC vs NC,1015,246,769
RC vs NC,216,86,130